2.002
||
1472078384153
1458051873675
1474403025902
The Boss
||
1.9456165872797719e+24
1.9421891566075944e+25
65226
4281
2.053790010333323e+24
17787
0
0
5.2456728923863425e+23
3
1
0
0;-1
4
671
1.0898193099569316e+24
649
14
179;-1
5;;8.46025547449567e+21
5
8064
625
7439
0
0
5
294;-1;-1;-1
20
15
0
0
50
0
0;|360,510,8.019212970059204e+23,0
350,500,1.7867729004734448e+22,0
310,460,376935254826918340,0
300,451,1299908349832020700,0
270,420,5236329326558970000,0
260,410,23270483510648463000,0
250,400,64333288048649670000,0
235,385,277495034601782250000,0
220,370,1.4264842012995735e+21,0
200,350,7.643232373635811e+21,0
190,340,2.15220187649304e+22,0
171,321,1.1976179521262155e+23,0
154,305,3.5012561838127455e+23,0
137,289,2.1804053236432218e+24,0;
||